100172
100180
100192
100197
100217
100249
100327
100348
100398
100528
100656
100693
100803
100883
100899
100905
100936
100961
100962
101066
101087
101154
1012
101207
101228
101243
101248
101251
101256
101259
101317
101326
101351
101366
101371
101375
101383
101384
101399
101436
1015
101522
101550
101555
101562
101566
101592
101616
101617
101622
101626
101635
101637
101638
101686
101694
101742
101745
101756
101780
101813
101838
101860
101864
101899
101967
101975
101999
102004
102009
102027
102070
102134
102165
102193
102196
1022
102221
102227
102229
102318
102338
102366
102370
102424
102471
102518
102596
102597
1026
102606
102607
102618
102648
102664
102669
102689
102697
102699
102700
102701
102702
102708
102712
102716
102717
102747
102759
102761
102784
102789
102790
102805
102809
102815
102828
102835
102843
102867
102874
102913
102951
102977
103001
103005
103013
103014
103016
103040
103042
103087
1031
103105
103114
103135
103136
103138
103143
103165
103185
103212
103294
103325
103328
103342
103363
103406
103407
103408
103412
103475
103478
103505
103506
103529
103531
103536
103558
103575
103576
103581
103602
103618
103630
103662
103666
103674
103675
103687
103702
103703
103704
103734
103739
103765
103766
103779
103793
103802
103810
103812
103829
103857
103859
103870
103874
103881
103898
103905
103906
103907
103909
103910
103912
103917
103921
103935
103939
103946
103953
103955
103956
103970
103979
103981
103984
103987
103988
103989
104000
104001
104002
104003
104004
104005
104006
104020
104024
104026
104032
104057
104067
104068
104077
104078
104079
104080
104082
104085
104090
104093
104096
104099
104100
104101
104104
104105
104109
104119
104121
104139
104141
104142
104147
104148
104151
104153
104154
104155
104156
104160
104161
104165
104171
104172
104174
104210
104223
104224
104225
104231
104232
104257
104258
104260
104262
104264
1051
1055
1058
1059
1067
1081
1083
1099
1113
113
1141
115
1166
1169
1170
1171
1178
1180
1184
1195
1199
1206
1207
1212
1213
1216
1223
1228
1236
1237
1241
1243
1245
1246
1249
1255
1256
12582950
12582955
12582959
12582963
12582980
12582993
12583004
12583008
12583031
12583037
12583053
12583119
12583184
12583190
12583196
12583211
12583235
12583256
12583305
12583308
12583382
12583401
12583407
12584132
1259
1264
12682923
12682924
12682925
12682926
12682927
12682928
12682929
12682930
12682931
12682932
12682933
12682934
12682935
12682936
12682937
12682938
12682939
12682940
12682941
12682942
12682943
12682944
12682945
12682946
12682947
12682948
12682949
12682950
12682951
12682952
12682953
12682954
12682955
12682956
12682957
12682958
12682959
12682960
12682961
12682962
12682963
12682964
12682965
12682966
12682967
12682968
12682969
12682970
12682971
12682972
12682973
12682974
12682975
12682976
12682977
12682978
12682979
12682980
12682981
12682982
12682983
12682984
12682985
12682986
12682987
12682988
12682989
12682990
12682991
12682992
12682993
12682994
12682995
12682996
12682997
12682999
12683000
12683001
12683002
12683003
12683004
12683005
12683006
12683007
12683008
12683009
12683010
12683011
12683012
12683013
12683014
12683015
12683016
12683017
12683018
12683019
12683020
12683021
12683022
12683023
12683024
12683107
12683110
12683146
12683153
12683157
12683190
12683201
12683317
12683350
12683372
12683569
12683639
12683648
12683718
12683767
12683773
12683898
12683988
12684000
12684065
12684100
12684143
12684367
12684369
12684394
12684402
12684403
12684566
12684687
12684734
12684747
12684796
12684881
12685054
12685086
12685091
12685205
12685406
12685438
12685569
12685588
12685688
12685798
12685832
12685890
12685937
12685939
12686020
12686103
12686105
12686106
12686110
12686114
12686115
12686246
12686402
12686404
12686496
12686497
12686520
12686522
12686571
12686572
12686592
12686660
12686661
12686662
12686663
12686664
12686666
12686667
12686668
12686796
12686797
12686798
12686799
12686800
12686801
12686802
12686803
12686804
12686805
12686806
12686953
12686956
12686971
12686972
12686973
12686974
12686975
12687022
12687023
12687024
12687025
12687026
12687079
12687082
127
1270
1278
1283
1328
1329
155
16777218
16777261
16777293
16777423
16777442
16777465
16777528
16777529
16777568
16777596
16777646
16777666
16777719
16778470
16877429
16877464
16877533
16877565
16877601
16877621
16877656
16877657
16877740
16877874
16877911
16877935
16878185
16878304
16878384
16878399
16878406
16878644
16878680
16878705
16878737
16878840
16878888
16878977
16878980
16879081
16879186
16879371
16879488
16879491
16879503
16879603
16879669
16879736
16879740
16879797
16879831
16879853
16880113
16880114
16880189
16880350
16880405
16880518
16880520
16880528
16880532
16880537
16880613
16880669
16880670
16880854
16880857
16880858
16880859
16880862
16880864
16880868
16880869
16880905
16880907
16880908
16880910
16880911
16880912
16880913
16880915
16880916
16880994
16881005
16881016
16881145
16881146
16881147
16881175
16881201
16881207
16881208
16881209
16881210
16881211
16881212
16881214
16881299
16881302
16881313
16881314
17592186144611
17592186147465
17592991451474
17592991452928
17593259786612
17593528325190
17594065193592
17594065194415
17594073481737
17594333629521
17594333631255
17595138936066
17595407371499
17595675705641
17597286420066
17597823189022
17598091725265
17599165366362
17599433801745
17599702337955
17600239209395
17600776082342
17601312850052
17601581388990
17601849721048
17602118258602
17602386693824
17602655027637
17602923564765
17603460437385
17603728769159
17603997307931
17604802510874
17605071047055
17605339484373
17605607920019
17605876354558
17606144688129
17606413224402
17606681559180
17606950096730
17607218430302
17607755300893
17608292273375
17608560707469
17609097478250
17609374406360
25168195
25168205
25168291
25168292
25168293
25168302
25168308
25168320
25168326
25168338
25168341
25168367
25168383
25168390
25168396
25168404
25168448
25168498
25169834
25169846
25169860
25169927
273
279
290
309
325
375
4194507
4194694
4194700
4294674
4295031
4296437
436
478
485
493
54525990
54526033
54526075
54526086
54526292
54526296
54526447
54626151
54626758
54626994
54627137
54627448
54627497
54629147
54629337
54629442
54629632
54629633
79
8
8388612
8388638
8388639
8388641
8388658
8388660
8388677
8388678
8388690
8388693
8388695
8388696
8388701
8388714
8388716
8388718
8388721
8388722
8388732
8388735
8388752
8388755
8388758
8388768
8388774
8388778
8388779
8388780
8388805
8388806
8388824
8388829
8388837
8388845
8388846
8388847
8388848
8388854
8388863
8388868
8388870
8388874
8388877
8388883
8388887
8388889
8388891
8388898
8388901
8388905
8388910
8388922
8388930
8388937
8388940
8388941
8388945
8388961
8388966
8388969
8388980
8388982
8388983
8388987
8388989
8388996
8388997
8389000
8389003
8389009
8389015
8389016
8389020
8389023
8389025
8389026
8389027
8389043
8389045
8389054
8389077
8389080
8389084
8389091
8389092
8389093
8389106
8389121
8389132
8389477
8389510
8389511
8389515
8389619
8389621
8389637
8389640
8389659
8389666
8389667
8389695
8389736
8389737
8389772
8389773
8389775
8389776
8389777
8389782
8389785
8389787
8389788
8389790
8389791
8389805
8389811
8389815
8389816
8389819
8389823
8389824
8389825
8389826
8389834
8389835
8389838
8389844
8389846
8389847
8389848
8389849
8389850
8389852
8389855
8389856
8389857
8389858
8389859
8389860
8389861
8389862
8389863
8389864
8389865
8389866
8389868
8389869
8389870
8389871
8389873
8389879
8389882
8389935
8389938
8390007
8390810
8390811
8390812
8390813
8390814
8390815
8390816
8390819
8390820
8390821
8390822
8390823
8390824
8390826
8390827
8390836
8390837
8390839
8390841
8390842
8390843
8390844
8390848
8390849
8390850
8390857
8390859
8390898
8390899
8390904
8390905
8390952
8390954
8390955
8390956
8390960
8390971
8390975
8390981
8390987
8390991
8390995
8390997
8390998
8390999
8391007
8391011
8391014
8391017
8391022
8391025
8391030
8391036
8391041
8391042
8391052
8391054
8391061
8391062
8391071
8391072
8391089
8391091
8391096
8391098
8391105
8391106
8391128
8391146
8391147
8391152
8391153
8391156
8391159
8391185
8391189
8391213
8391215
8391219
8391252
8391255
8391256
8391262
8391277
8391278
8391281
8391285
8391287
8391288
8391291
8391292
8391293
8391294
8391295
8391296
8391297
8391298
8391299
8391300
8391301
8391302
8391303
8391304
8391305
8391306
8391307
8391308
8391309
8391310
8391311
8391312
8391314
8391315
8391316
8391317
8391318
8391319
8391320
8391321
8391322
8391323
8391324
8391325
8391326
8391327
8391328
8391329
8391330
8391331
8391332
8391333
8391334
8391335
8391336
8391337
8391338
8392608
8392610
8392613
8392624
8392625
8392629
8392636
8392638
8392639
8392651
8392655
8392708
8392712
8392715
8488609
8488610
8488611
8488612
8488613
8488614
8488694
8488733
8488738
8488740
8488742
8488746
8488748
8488752
8488755
8488766
8488776
8488777
8488784
8488792
8488800
8488802
8488810
8488824
8488825
8488833
8488835
8488843
8488845
8488854
8488860
8488871
8488876
8488903
8488909
8488920
8488923
8488937
8488940
8488954
8488963
8488980
8488981
8488983
8488988
8488995
8489029
8489038
8489052
8489067
8489098
8489099
8489102
8489106
8489118
8489126
8489129
8489133
8489144
8489157
8489184
8489185
8489191
8489193
8489202
8489206
8489255
8489264
8489271
8489280
8489284
8489299
8489304
8489314
8489317
8489325
8489328
8489333
8489343
8489352
8489372
8489373
8489379
8489404
8489443
8489444
8489457
8489458
8489461
8489462
8489494
8489503
8489526
8489527
8489548
8489554
8489561
8489605
8489620
8489625
8489634
8489644
8489649
8489653
8489674
8489676
8489677
8489678
8489680
8489682
8489686
8489687
8489689
8489698
8489707
8489715
8489749
8489757
8489758
8489759
8489769
8489775
8489804
8489822
8489826
8489837
8489864
8489865
8489877
8489899
8489901
8489909
8489919
8489926
8489927
8489935
8489938
8489975
8490009
8490072
8490104
8490110
8490126
8490131
8490133
8490154
8490159
8490160
8490167
8490178
8490180
8490185
8490200
8490206
8490207
8490214
8490218
8490219
8490225
8490227
8490241
8490275
8490276
8490278
8490279
8490303
8490368
8490376
8490377
8490379
8490381
8490391
8490402
8490409
8490429
8490434
8490458
8490460
8490497
8490502
8490506
8490507
8490521
8490522
8490539
8490542
8490547
8490558
8490560
8490565
8490571
8490573
8490575
8490588
8490591
8490604
8490606
8490614
8490617
8490618
8490627
8490638
8490668
8490693
8490702
8490708
8490712
8490724
8490732
8490761
8490791
8490793
8490799
8490818
8490835
8490843
8490845
8490848
8490856
8490857
8490866
8490868
8490872
8490892
8490912
8490931
8490950
8490951
8490957
8490969
8490971
8491014
8491018
8491019
8491026
8491029
8491030
8491033
8491034
8491039
8491055
8491086
8491088
8491089
8491092
8491094
8491095
8491100
8491105
8491106
8491112
8491132
8491140
8491149
8491151
8491200
8491204
8491207
8491212
8491215
8491218
8491221
8491229
8491235
8491245
8491246
8491247
8491259
8491261
8491262
8491273
8491276
8491297
8491306
8491307
8491309
8491310
8491313
8491316
8491324
8491325
8491346
8491347
8491349
8491355
8491375
8491382
8491386
8491391
8491394
8491398
8491403
8491410
8491436
8491438
8491440
8491453
8491457
8491463
8491466
8491467
8491468
8491513
8491523
8491553
8491554
8491572
8491573
8491576
8491580
8491581
8491591
8491596
8491597
8491609
8491617
8491641
8491650
8491672
8491693
8491696
8491699
8491715
8491724
8491725
8491728
8491733
8491734
8491736
8491738
8491748
8491749
8491754
8491760
8491763
8491765
8491793
8491796
8491815
8491825
8491826
8491835
8491840
8491844
8491848
8491850
8491852
8491860
8491885
8491893
8491900
8491907
8491908
8491933
8491935
8491941
8491950
8491954
8491978
8491998
8492005
8492010
8492014
8492019
8492025
8492035
8492036
8492042
8492043
8492045
8492051
8492052
8492053
8492058
8492059
8492070
8492077
8492099
8492103
8492104
8492108
8492110
8492111
8492121
8492124
8492125
8492127
8492130
8492137
8492144
8492145
8492150
8492152
8492159
8492170
8492174
8492184
8492190
8492191
8492202
8492205
8492209
8492210
8492211
8492225
8492228
8492236
8492245
8492270
8492271
8492274
8492283
8492284
8492290
8492309
8492316
8492318
8492330
8492333
8492334
8492336
8492347
8492350
8492367
8492369
8492373
8492374
8492383
8492386
8492388
8492389
8492390
8492396
8492398
8492400
8492401
8492403
8492410
8492411
8492413
8492419
8492423
8492426
8492428
8492430
8492437
8492439
8492440
8492441
8492443
8492445
8492446
8492447
8492452
8492453
8492461
8492462
8492463
8492464
8492470
8492472
8492481
8492507
8492508
8492509
8492511
8492512
8492516
8492521
8492522
8492524
8492527
8492528
8492530
8492532
8492546
8492547
8492548
8492550
8492551
8492552
8492553
8492554
8492555
8492556
8492557
8492558
8492559
8492560
8492562
8492565
8492579
8492580
8492581
8492582
8492583
8492584
8492585
8492586
8492588
8492590
8492591
8492593
8492594
8492598
8492617
8492618
8492619
8492620
8492621
8492622
8492623
8492625
8492626
8492627
8492630
8492631
8492632
8492642
8492643
8492644
8492645
8492647
8492657
8492658
8492659
8492662
8492663
8492664
8492666
8492673
8492674
8492678
8492679
8492680
8492681
8492682
8492689
8492692
8492695
8492697
8492701
8492702
8492703
8492707
8492709
8492710
8492711
8492714
8492716
8492723
8492724
8492725
8492726
8492728
8492730
8492731
8492732
8492733
8492737
8492742
8492743
8492744
8492745
8492746
8492752
8492753
8492757
8492758
8492765
8492766
8492767
8492771
8492772
8492774
8492776
8492781
8492783
8492785
8492786
8492789
8492798
8492801
8492802
8492803
8492804
8492805
8492806
8492807
8492808
8492809
8492810
8492811
8492813
8492815
8492819
8492821
8492822
8492823
8492824
8492825
8492829
8492834
8492835
8492836
8492860
8492864
8492869
8492873
88080431
88080479
88080525
88080714
88080730
88180618
88180783
88181239
88182038
88182526
88182677
88183409
88183587
88183992
88183994
88184043
88184132
88184134
88184270
88184344
88184349
88184353
88184424
88184425
88184426
88184428
89
